0 0.81342364532 0.335526315789 0.0258620689655 0.0570175438596
0 0.870689655172 0.332236842105 0.0566502463054 0.0504385964912
0 0.693349753695 0.577850877193 0.0566502463054 0.0504385964912
0 0.615147783251 0.835526315789 0.0529556650246 0.0526315789474
0 0.560344827586 0.84100877193 0.0197044334975 0.0328947368421
0 0.636699507389 0.574561403509 0.0320197044335 0.0394736842105
0 0.309113300493 0.68201754386 0.0295566502463 0.0394736842105
0 0.330665024631 0.685307017544 0.0209359605911 0.0723684210526
0 0.331280788177 0.424342105263 0.0246305418719 0.0460526315789
0 0.352832512315 0.418859649123 0.0184729064039 0.0526315789474
0 0.450123152709 0.191885964912 0.0283251231527 0.0592105263158
