0 0.11015625 0.676401869159 0.1890625 0.259345794393
0 0.2296875 0.676401869159 0.18125 0.231308411215
0 0.33203125 0.693925233645 0.1765625 0.233644859813
0 0.44375 0.704439252336 0.171875 0.231308411215
0 0.36328125 0.400700934579 0.1515625 0.179906542056
0 0.46796875 0.41238317757 0.1453125 0.198598130841
0 0.56875 0.421728971963 0.14375 0.184579439252
0 0.66640625 0.441588785047 0.1421875 0.196261682243
0 0.575 0.193925233645 0.1375 0.177570093458
0 0.6671875 0.18808411215 0.128125 0.170560747664
0 0.75546875 0.19976635514 0.1234375 0.147196261682
0 0.8515625 0.206775700935 0.121875 0.170560747664
